Lockage
0
0
0
0
0
0
0
0
0
0
0
0
0
0
0
33
4
49
6
50
2
0
56
5
56
0
34
0
0
0
0
0
0
0
0
0
0
0
0
0
0
0
0
35
0
48
5
48
4
0
32
34
0
0
0
0
0
0
0
0
0
0
0
0
0
0
0
0
0
0
0
0
0
0
0
0
0
0
0
0
0
0
0
0
34
3
51
7
60
71
0
67
3
66
0
0
0
0
0
0
0
0
0
0
0
0
0
0
0
0
0
0
0
0
0
0
22
5
38
38
0
0
13
0
2
4
5
2
4
2
2
0
0
0
4
0
0
0
3
4
4
8
3
0
0
0
0
0
0
0
0
0
0
0
0
0
0
0
0
0
0
0
0
0
0
0
0
0
0
0
0
17
0
0
0
0
0
0
0
0
0
0
0
0
0
0
0
0
0
0
0
0
46
31
24
20
8
20
8
2
62
0
0
0
0
6
18
23
19
19
4
9
4
0
0
0
0
0
0
0
0
0
0
0
0
0
0
0
0
0
0
0
0
0
0
0
0
0
0
0
0
0
0
0
0
0
